109
1233
2620
2513
38
244
587
2103
1284
2213
2628
91
112
258
2453
1039
224
854
1008
2493
991
284
2965
861
943
967
60
460
1697
2427
1032
601
1681
1989
2215
2648
246
2824
1020
988
2324
2305
669
154
1766
502
2308
2880
911
2296
690
547
842
445
1596
1861
3001
2559
1783
2706
1010
2132
2258
2033
1465
2929
314
1737
883
1598
707
471
1907
881
571
470
1476
2690
743
1273
11
1216
1206
623
348
220
1473
1413
700
1310
492
407
462
2125
568
2578
1968
640
891
1668
1530
2133
1493
98
1366
1444
12
67
2631
2076
757
1276
1566
772
759
1958
1163
3026
2819
618
1412
869
2524
1029
313
2097
2083
2812
1105
496
1691
613
1213
1054
1773
831
1154
1605
974
1813
1267
2287
2662
1889
133
2647
1263
2721
403
152
1432
1369
845
2994
796
72
1022
2923
2632
2175
101
2835
2013
164
1519
1657
1174
1114
2854
1891
2910
1666
2913
335
368
1375
381
500
2092
1910
2983
387
354
1551
1886
2395
419
2157
2694
2202
1349
632
961
255
2547
2563
493
538
719
1938
2618
654
2778
286
2847
1092
379
1645
545
217
1615
782
1888
2293
1106
2295
328
1621
2537
1159
2800
1531
1878
89
1942
2041
2469
1136
1839
2321
1715
2068
337
2413
893
1230
595
1202
2010
2044
459
1720
2771
761
532
2290
1156
3013
1018
263
1511
414
2633
1388
1939
4
1406
399
1633
2675
2346
240
1592
1721
52
1788
1422
127
401
1513
2725
1426
1864
2870
1718
1237
2104
330
923
1827
1640
2477
1241
2148
1288
1231
1370
233
2510
1460
2384
2219
422
2960
1280
1341
2851
2171
2978
82
437
393
410
2617
2004
701
442
1077
2463
2375
749
2522
1643
363
2480
2471
2711
141
793
1129
2733
663
2776
816
2229
1184
386
1742
2400
357
449
2304
2670
361
78
2695
2053
17
2152
871
2683
184
2597
1246
2056
882
678
194
1614
2272
2651
2499
2478
592
1236
1264
1538
577
2561
2286
2071
1255
2830
1193
2606
1135
1687
646
813
1887
2925
598
391
2917
745
1777
1491
282
1579
165
1379
2487
2188
2047
1502
621
2530
1153
1732
533
565
2309
2525
2200
896
1825
201
661
849
116
416
1225
1779
1132
2011
1274
486
2177
2805
402
2327
1863
1600
434
2564
834
1396
2256
1467
1526
360
855
1815
1622
1112
2045
2916
2195
2085
292
2465
2367
1630
3030
633
444
160
355
2719
2136
815
559
1941
498
2376
828
2344
1892
2723
266
358
476
2123
2815
1902
2796
1334
2040
1778
1323
954
819
631
639
106
2122
2877
1115
698
2331
1660
1521
1905
2531
2131
1130
2710
1501
1786
2601
2786
656
2813
939
1062
572
2626
1637
1435
534
956
1181
1197
2049
1322
2927
1347
1812
947
2595
1586
1259
989
932
2297
262
2203
806
2274
1390
2673
102
55
1631
1896
2892
641
2701
424
873
2846
3020
2397
2882
309
2988
2954
677
673
2394
157
51
1561
2338
2553
126
1829
953
181
1931
1722
1769
2727
1507
1494
56
216
2737
3009
2839
1872
178
1408
2799
865
1425
1617
2571
697
844
248
303
746
2980
1085
1752
710
591
2957
2126
1789
3018
675
2485
2278
1707
3007
2784
692
2058
18
2623
762
2167
1944
1664
346
311
1716
2836
1204
1761
3031
307
1856
2837
153
926
2692
2135
2408
394
2393
243
1552
2956
2330
2574
2810
1874
1770
2332
161
833
14
708
1078
1325
2760
2156
108
2767
2975
2428
2444
2277
558
894
25
1373
2216
1033
1562
962
712
1244
564
2928
298
550
2820
981
897
2230
2424
2382
1055
1984
1594
2129
3017
859
1123
747
1776
495
1211
2883
2540
2248
1250
603
2231
602
2316
1754
684
334
2405
1969
1546
1541
1428
2120
2180
2757
797
1532
1682
2871
1849
574
975
2381
2357
1381
274
1719
2831
2046
751
624
1689
8
1523
1305
789
535
221
3023
2362
2862
2467
2464
1661
1157
1503
433
2825
2455
516
1090
2516
234
312
907
901
2089
2138
2183
359
938
1882
1028
39
1277
35
327
1656
1840
1069
111
2351
1536
2461
944
2951
1065
2398
1012
2681
2383
617
2887
1015
1192
556
1001
235
1927
1047
644
2379
615
1760
2501
2644
1506
155
2387
66
1070
952
1376
2677
1978
1635
2356
777
1998
1317
1671
880
371
2555
1405
351
1499
582
1853
2964
2479
830
2107
2637
249
2966
454
1986
2514
1268
2355
1527
1196
1634
2204
469
87
1696
2720
731
47
966
2918
1730
2442
1821
2008
190
687
704
1626
1076
1520
585
151
2865
517
2118
2775
1573
2491
168
42
2934
1824
934
1307
2860
718
1270
1913
318
204
332
1985
2336
2852
2359
2155
2323
1540
3016
848
1489
279
169
1045
1441
254
84
802
415
1512
1354
227
1194
1437
1973
2141
1205
2497
693
2253
507
1743
1589
2811
1260
1063
1505
1572
2708
1198
43
291
2303
277
664
280
1583
2007
389
44
2740
2747
418
1235
1145
1478
725
2414
417
2688
1229
2267
1291
1124
1344
2494
2093
2059
1921
2019
649
736
1745
2875
929
2206
2569
58
2074
2380
236
297
596
2997
840
3025
288
2806
2566
1419
316
1321
138
1547
1326
1755
1439
1581
96
1038
1302
2026
674
655
2974
1251
2294
2352
488
1935
2271
193
2322
2117
2349
2521
1585
3011
2082
156
76
2449
2717
1254
1484
117
2483
1700
1709
1295
1083
1946
771
136
180
88
2289
1959
2437
520
1548
10
2533
758
1170
1647
780
608
1319
331
2946
843
2660
2232
2025
2337
188
510
2567
1218
2110
2238
162
200
1438
867
2896
2590
1357
2022
1190
1747
1362
1673
2341
2320
2889
2671
2861
1301
259
544
2772
2402
2641
2263
1113
1049
2598
1850
2572
1916
366
3022
1650
1035
1606
2006
1200
1495
103
2451
1550
1926
1452
1309
2192
97
2072
996
1800
118
1140
2829
1999
1751
722
2005
963
2551
352
1545
2335
551
64
2827
1340
377
2193
2112
2741
1694
2857
456
2001
2160
1364
1127
2476
210
1240
223
2968
1876
105
1000
2509
2055
1914
1880
83
1150
1496
2075
910
2373
1936
2360
2850
1599
464
2770
2446
3010
2790
1994
2462
1266
732
928
805
1975
2102
2187
1245
1424
380
2146
2905
395
597
1960
570
1410
2948
1632
2867
1180
2454
997
1351
1102
1672
2753
428
706
2922
778
1822
2325
253
2198
480
461
1073
2907
1361
2222
3015
1575
1995
1002
2307
1570
1708
2268
2523
1963
1088
2643
370
2108
1710
171
1844
1030
2686
293
222
257
863
1219
951
158
1790
1
1648
1780
2931
1992
2532
1472
524
1900
935
2903
2095
1186
289
2705
2315
1726
1060
2182
1093
2217
1741
1686
2990
1795
2976
1462
121
122
1543
785
611
1803
2534
1885
1869
2518
1253
2879
3027
1858
1120
1429
278
1717
1613
800
2242
1324
2554
367
2868
2028
1515
369
888
432
2020
143
1925
2078
1290
1468
2901
1801
2329
930
763
730
1871
2466
40
2527
390
2361
1475
2592
489
2774
2440
588
2780
660
1242
1052
1446
1271
1282
2804
680
566
804
2450
1100
7
2035
2096
1810
323
2891
1917
1471
2849
2932
1332
2036
2952
627
668
728
2746
1199
1128
589
1119
2438
2069
792
1535
1560
1569
837
2840
2577
628
139
1915
965
652
2091
2689
1879
1027
2560
412
1857
748
2417
605
187
927
2684
750
665
1625
2201
2726
960
2507
679
211
2474
2212
773
1146
374
1627
2063
1368
1374
2037
2021
734
721
1385
2967
62
1331
1877
1837
484
113
1582
2749
791
2447
1007
197
699
85
1706
902
2742
579
2897
2541
1736
1819
1862
2073
733
1214
519
1176
814
919
548
2629
63
3021
2254
2657
2445
247
879
555
2249
1234
2971
723
2933
1330
99
2981
372
2634
1152
1734
1292
2101
465
1345
1702
1316
622
841
986
166
1353
487
1252
448
1748
2832
1164
252
590
1048
1356
1224
1845
1151
1162
2170
1481
889
2816
2144
2292
1830
906
2079
1987
1382
993
1261
1423
19
2165
283
1865
2881
2973
267
397
482
2115
2515
2900
1953
508
1962
114
2062
512
1308
326
752
1024
1487
2153
784
1144
1327
2334
647
836
540
969
1025
1798
829
317
2821
2549
2500
2808
2773
1574
501
1895
1528
1670
2906
2797
1051
1411
2624
2787
2834
2539
2159
553
1899
542
1111
794
546
2048
727
1930
2435
817
2240
1920
1257
1182
530
2161
671
1595
557
34
1544
1867
554
1740
1832
382
2912
2000
2257
472
100
2768
1298
552
580
2762
2365
427
1300
2793
1125
2300
912
1443
2015
878
1110
2958
740
2605
1679
783
2419
2666
920
515
2067
2250
1950
1436
1833
1122
769
2266
2987
612
2697
2247
1072
672
2194
509
2458
626
1948
349
69
2655
1932
2481
345
2955
527
2751
159
1996
65
2664
2081
237
1391
522
2552
2801
1604
2436
2127
2353
2023
2326
1461
1313
529
774
350
421
2457
2391
2874
15
1044
435
1275
2472
1117
2389
1576
2999
2134
1358
1955
658
2886
3014
378
576
541
720
1287
2939
3008
1352
685
1692
1860
225
1859
1814
856
2245
2550
1397
925
176
430
2106
2963
1817
1167
3033
1172
2460
1735
2704
2009
2298
2639
426
3006
959
206
1733
2456
874
1161
1433
2794
578
1109
1383
1759
788
1934
1431
338
1201
148
2246
1516
2233
2077
2699
2608
2926
503
185
300
1818
1791
666
2807
420
909
933
1477
1870
549
2416
562
636
2443
2585
2147
1610
2935
941
1654
1826
801
657
1806
638
821
2012
1387
604
703
2543
1005
1744
2211
1510
1758
1189
738
2729
877
1407
1794
1980
2769
1612
196
1514
128
3019
179
2173
1178
1659
1746
1075
1450
2969
3028
2596
2392
104
1283
477
987
1683
1142
1658
528
976
1409
2388
1463
2452
2570
2109
1557
131
264
3003
1639
511
2529
49
2311
468
1903
2029
1173
1565
2764
2409
145
491
2310
2285
1082
362
1534
2619
1318
1636
48
1554
1404
71
202
688
115
31
2904
1430
1923
1884
513
742
1590
438
2306
755
2587
191
2993
2828
1004
1508
2544
1149
269
1616
1016
1965
1210
995
2343
1104
2403
2119
1943
1474
80
2003
1026
1972
531
1021
950
458
1768
1343
1464
192
717
107
149
1294
353
1908
2366
1414
760
2225
2270
945
466
892
884
790
1256
1415
77
132
711
2640
322
1564
1680
1386
1693
86
494
305
74
994
315
324
451
1086
1971
2809
1091
2940
1524
2584
441
144
1738
2488
1227
2184
1890
2613
2691
2961
228
543
506
645
26
946
1434
94
1014
2482
304
1118
1348
1377
287
2736
2582
2669
302
1071
2621
478
1847
2506
2735
140
1286
2218
998
2421
2558
2050
714
2371
1623
1982
2659
1490
2545
1714
676
526
1588
2174
1848
2433
1143
1509
1967
642
694
241
2425
853
1483
2738
2864
521
1492
811
199
2872
1131
2646
1787
2169
1402
2054
2064
2795
1056
625
1040
914
409
260
2090
2636
569
1011
2859
1922
1549
392
1684
620
383
1337
209
857
3005
1607
2696
1023
650
2556
1096
1394
2607
1094
1384
212
599
1928
1559
1765
3012
1556
3024
1809
2744
1983
1793
2546
1427
2475
2024
2087
1355
1350
1195
1593
146
937
1603
1074
45
2080
560
2139
2936
2243
130
922
2227
2432
479
2284
268
629
1335
2100
1359
376
2685
2781
1265
2318
1834
2855
2228
2495
2890
682
2709
2407
1947
1883
726
2950
818
2448
2328
2137
150
110
2962
1875
1961
276
2207
1676
2920
1601
2615
826
2508
2921
1148
1137
1171
452
2039
1400
2667
400
2789
1918
2919
1591
1728
446
899
770
474
2486
1403
384
2878
2434
208
2734
860
2027
16
1336
24
134
1285
876
1517
2057
689
1279
2949
1997
776
2299
92
635
1269
775
1482
1649
2941
475
862
1704
2713
6
1392
900
447
1831
2032
1525
2614
481
2140
2121
978
265
2996
9
2255
1838
1311
1187
2616
29
1533
3032
990
1089
1500
2731
949
808
1828
59
1068
2312
1843
1611
73
53
1006
1457
490
1479
1080
347
1401
2105
2909
724
2611
866
1539
1954
992
1842
1043
903
1976
124
653
1669
81
46
2715
1739
198
616
1674
1553
182
1608
1466
70
1898
1297
250
1367
231
177
1099
2252
205
1440
2429
1940
2602
285
2678
2205
2377
320
2088
768
2197
1823
936
1168
321
695
1644
753
499
2251
2084
2220
2143
824
172
1981
1185
229
497
453
630
2333
659
2642
2162
2730
1933
2548
2468
2649
1873
1555
2604
2995
820
2758
1784
170
822
1727
2665
567
79
985
1107
1764
2732
2459
2712
539
2441
2168
2209
1597
238
1420
739
2259
1188
917
1191
2728
2439
2158
1053
1577
1155
1389
1929
809
1058
1504
913
408
2348
563
2265
1378
195
1701
167
137
2185
1797
1278
2317
2581
1098
2992
1753
2017
2385
2114
787
1147
1232
1699
2492
425
2766
319
2313
1609
1711
1655
2372
1134
737
744
2189
1217
908
2573
186
754
858
2902
1046
795
875
2915
1537
1084
1956
2818
2186
1258
1919
1957
1796
918
2014
1901
341
2401
398
2279
1665
1399
1713
2130
2856
2703
2893
256
670
1970
1239
30
1221
1097
2066
619
242
2599
2894
28
2535
2791
2536
2505
1949
798
2070
2191
2884
3004
2404
1360
2668
825
2562
2565
1289
2792
2700
2898
1249
1081
2842
261
2370
686
2914
23
1166
1296
2885
2625
1470
537
120
2724
2745
1293
36
2179
812
2583
2426
339
2991
2154
803
333
2802
1226
1774
1868
2982
123
1841
2986
1101
1725
518
2260
340
1175
251
1703
2422
93
1448
1243
2098
1299
2418
1911
838
2938
767
1802
1036
2149
